#
#Fri Dec 15 12:20:19 CET 2006
KICK_0_3=-0.070605963    -2.699882       0.07665804      1.5845801       1.389762        -1.389762       0.082877964     -0.06745404     0.056799963     -0.085945964    0.10580404      -0.05058004     0.082877964       -0.085862041    0.096600041     -0.085862041    -0.15335804     0.026119962     -0.044444039    -0.029187962    1.5692401       1.58313  2    1
KICK_0_2= -0.070605963    -2.699882       0.07665804      1.5845801       1.389762        -1.389762       0.082877964     -0.06745404     0.056799963     -0.085945964    0.10580404      -0.05058004     0.082877964       -0.085862041    0.096600041     -0.085862041    -0.15335804     0.026119962     -0.044444039    -0.029187962    1.5692401       1.58313 4    1
KICK_0_1=-0.079809964    -2.699882       1.748718        1.5845801       1.389762        -1.389762       0.058333963     -0.088930041    -0.90808606     2.0908  0.39726406      -0.04751204     0.058333963     -0.05211404       -0.92044199     2.113894        0.39274597      0.058333963     1.739598        -0.25161797     1.5692401       1.58313  4    1
KICK_0_0=-0.079809964    -2.699882       2.0018282       1.5845801       1.389762        -1.389762       0.26695797      -0.10887204     0.17031597      2.1046062       -0.48631996     -0.18710604     0.2654239       -0.06285204      0.24079604      2.087816        -0.49544007     0.18105397      1.980436        -0.45257199     1.5692401       1.58313  4    1
KICK_0=catch 1000 0 350 -80 80 39 12 0 4
KICK_COUNT=1