#
#Mon Jul 14 17:01:40 CEST 2008
KICK_COUNT=1
KICK_0_3=-0.07060596  -2.699882  0.07665804  1.5845801  1.389762  -1.389762  0.082877964  -0.06745404  0.056799963  -0.085945964  0.10580404  -0.05058004  0.082877964  -0.08586204  0.09660004  -0.08586204  -0.15335804  0.026119962  -0.04444404  -0.029187962  1.5692401  1.58313  0
KICK_0_2=-0.07060596  -2.699882  0.07665804  1.5845801  1.389762  -1.389762  0.082877964  -0.06745404  0.056799963  -0.085945964  0.10580404  -0.05058004  0.082877964  -0.08586204  0.09660004  -0.08586204  -0.15335804  0.026119962  -0.04444404  -0.029187962  1.5692401  1.58313  0
KICK_0_1=-4.1911986E-5  -0.7853982  2.0754826  0.33438745  -1.3975146  -1.3805766  -0.006086823  0.0015740958  -0.5291814  1.0675979  -0.52466875  0.0031062795  -0.006086823  -0.0014902718  -0.51087904  1.0339736  -0.5184561  -0.0045546396  2.081695  -0.3406  1.4020272  1.3775961  5
KICK_0_0=-0.0015740958  -0.7853982  2.078547  0.33898398  -1.3975146  -1.3882376  -0.0014902718  0.0015740958  -0.5245849  1.0584048  -0.52160436  0.0031062795  -0.0014902718  -0.0045546396  -0.51087904  1.037038  -0.5215205  -0.0045546396  2.081695  -0.3406  1.400495  1.3775961  0
KICK_0=catch 1000 0 350 -80 80 39 12 0 4
