#
#Fri Jul 03 15:35:29 CEST 2009
KICK_0_5=-0.0  0.0  2.0943952  0.34906584  -1.3788102  -1.3962634  0.0  -0.0  -0.33161256  0.6981317  -0.34906584  -0.0  0.0  -0.0  -0.33161256  0.6981317  -0.34906584  -0.0  2.0943952  -0.34906584  1.3962634  1.3788102  1.0
KICK_0_4=-0.0  0.0  1.9896754  0.13962634  -1.7104226  -0.5235988  -0.017453292  -0.0  -0.6632251  1.1868238  -0.5235988  0.2443461  -0.017453292  0.08726646  -0.4537856  0.9599311  -0.41887903  0.12217305  2.0071287  -0.33161256  1.3613569  0.55850536  1.5
KICK_COUNT=1
KICK_0_3=0.0  0.0  0.9075712  0.15707964  -1.0646509  -0.43633232  0.0  0.0  -0.5235988  1.134464  -0.5934119  0.2443461  0.0  -0.33161256  -0.7679449  0.7679449  -0.20943952  0.13962634  1.9896754  -0.17453292  1.727876  0.13962634  0.3
KICK_0_2=-0.0  0.0  2.024582  1.4660766  -1.6406095  -0.017453292  0.0  0.017453292  -0.5061455  1.1519173  -0.6632251  0.2443461  0.0  -0.6632251  0.20943952  1.1868238  -1.2217305  -0.0  1.2566371  -0.17453292  1.6929693  0.6632251  2.0
KICK_0_1=-0.0  0.0  2.0594885  0.33161256  -1.3788102  -1.3613569  0.0  -0.08726646  -0.57595867  1.1868238  -0.61086524  0.27925268  0.0  -0.06981317  -0.34906584  0.7679449  -0.40142572  0.2617994  2.0594885  -0.33161256  1.3962634  1.3613569  1.0
KICK_0_0=-0.0  0.0  2.0943952  0.34906584  -1.3788102  -1.3962634  0.0  -0.0  -0.33161256  0.6981317  -0.34906584  -0.0  0.0  -0.0  -0.33161256  0.6981317  -0.34906584  -0.0  2.0943952  -0.34906584  1.3962634  1.3788102  1.0
KICK_0=diagright 1000 0 350 -80 80 39 12 0 6
