#
#Mon Jun 14 17:42:23 CEST 2010
KICK_0_5=-0.0  0.0  2.0943952  0.34906584  -1.3788102  -1.3962634  0.0  -0.0  -0.33161256  0.6981317  -0.34906584  -0.0  0.0  -0.0  -0.33161256  0.6981317  -0.34906584  -0.0  2.0943952  -0.34906584  1.3962634  1.3788102  1.0
KICK_0_4=0.0  0.0  1.9896754  0.13962634  -1.7104226  -0.5235988  -0.017453292  0.0  -0.6632251  1.1868238  -0.5235988  0.2443461  -0.017453292  0.08726646  -0.4537856  0.9599311  -0.41887903  0.12217305  2.0071287  -0.33161256  1.3613569  0.55850536  1.9
KICK_COUNT=1
KICK_0_3=0.0  0.0  0.89011794  0.15707964  -1.0995574  -0.4886922  0.0  0.0  -0.55850536  1.1519173  -0.5934119  0.31415927  0.0  0.017453292  -0.9599311  1.012291  -0.31415927  0.20943952  2.024582  -0.20943952  1.7453293  0.15707964  0.4
KICK_0_2=0.0  0.0  2.0594885  0.2617994  -1.7104226  -0.017453292  0.0  0.017453292  -0.55850536  1.1693707  -0.6806784  0.2617994  0.0  -0.05235988  0.2443461  1.5882496  -1.1868238  0.034906585  1.2042772  -0.2268928  1.7627826  0.6981317  1.7
KICK_0_1=0.0  0.0  2.0594885  0.33161256  -1.3788102  -1.3613569  0.0  -0.08726646  -0.57595867  1.1868238  -0.61086524  0.27925268  0.0  -0.06981317  -0.34906584  0.7679449  -0.40142572  0.2617994  2.0594885  -0.33161256  1.3962634  1.3613569  1.2
KICK_0_0=-0.0  0.0  2.0943952  0.34906584  -1.3788102  -1.3962634  0.0  -0.0  -0.33161256  0.6981317  -0.34906584  -0.0  0.0  -0.0  -0.33161256  0.6981317  -0.34906584  -0.0  2.0943952  -0.34906584  1.3962634  1.3788102  1.0
KICK_0=frontright2 1000 0 350 -80 80 39 12 0 6
