#
#Fri Jul 03 09:57:36 CEST 2009
KICK_0_7=0.0  0.0  2.0943952  0.34906584  -1.3962634  -1.3788102  0.0  0.0  -0.33161256  0.6981317  -0.34906584  0.0  0.0  0.0  -0.33161256  0.6981317  -0.34906584  0.0  2.0943952  -0.34906584  1.3788102  1.3962634  1.0
KICK_0_6=0.0  0.0  1.5882496  0.2617994  -1.012291  -0.06981317  0.0  0.017453292  -0.4886922  0.9250245  -0.4537856  -0.2268928  0.0  -0.017453292  -0.5235988  1.1170107  -0.57595867  -0.17453292  1.3788102  -0.41887903  0.4712389  0.15707964  1.0
KICK_0_5=0.0  0.0  1.9896754  0.31415927  -1.012291  -0.017453292  -0.08726646  0.0  -1.0471976  1.134464  0.10471976  -0.06981317  -0.08726646  0.06981317  -0.40142572  1.0646509  -0.55850536  -0.27925268  0.034906585  -0.06981317  -0.29670596  0.2443461  1.0
KICK_0_4=0.0  0.0  2.0071287  0.33161256  -1.012291  0.0  -0.12217305  -0.08726646  -0.7853982  0.0  0.7853982  -0.12217305  -0.12217305  -0.08726646  -0.41887903  1.0471976  -0.57595867  -0.2617994  0.4537856  -0.05235988  -0.2617994  0.2268928  0.15
KICK_0_3=0.0  0.0  2.0420353  0.55850536  -1.0646509  -0.017453292  0.0  0.57595867  -0.6981317  0.33161256  0.27925268  0.2443461  0.0  -0.13962634  -0.5235988  1.1519173  -0.5934119  -0.29670596  -0.15707964  -0.27925268  -0.06981317  0.5934119  1.0
KICK_0_2=0.0  0.0  2.0594885  0.33161256  -1.3613569  -1.3439035  0.0  0.4537856  -0.34906584  0.75049156  -0.4712389  -0.6457718  0.0  -0.05235988  -0.55850536  1.1868238  -0.61086524  -0.2617994  2.0420353  -1.1868238  1.7453293  0.55850536  1.0
KICK_0=toright 1000 0 350 -80 80 39 12 0 8
KICK_0_1=0.0  0.0  2.0594885  0.33161256  -1.3962634  -1.3613569  0.0  0.06981317  -0.34906584  0.7679449  -0.40142572  -0.2617994  0.0  0.08726646  -0.57595867  1.1868238  -0.61086524  -0.27925268  2.0594885  -0.33161256  1.3788102  1.3613569  2.0
KICK_COUNT=1
KICK_0_0=0.0  0.0  2.0943952  0.34906584  -1.3962634  -1.3788102  0.0  0.0  -0.33161256  0.6981317  -0.34906584  0.0  0.0  0.0  -0.33161256  0.6981317  -0.34906584  0.0  2.0943952  -0.34906584  1.3788102  1.3962634  1.0
